1 1 0.001
0.998816 0.998802 0.998788 0.998774 0.998759 0.998743 0.998726 0.998709 0.998692 0.998673 0.998654 0.998634 0.998613 0.998592 0.99857 0.998547 0.998523 0.998498 0.998472 0.998446 0.998418 0.99839 0.998361 0.99833 0.998299 0.998267 0.998234 0.9982 0.998165 0.998128 0.998091 0.998053 0.998014 0.997974 0.997933 0.997891 0.997847 0.997803 0.997758 0.997712 0.997665 0.997616 0.997567 0.997517 0.997466 0.997414 0.997361 0.997308 0.997253 0.997197 0.997141 0.997083 0.997025 0.996966 0.996906 0.996845 0.996784 0.996722 0.996658 0.996594 0.99653 0.996464 0.996398 0.99633 0.996262 0.996194 0.996124 0.996053 0.995982 0.995909 0.995836 0.995762 0.995686 0.99561 0.995532 0.995454 0.995374 0.995294 0.995212 0.99513 0.995047 0.994963 0.994879 0.994795 0.994713 0.994632 0.994555 0.994484 0.994421 0.994371 0.99434 0.994336 0.99437 0.994458 0.994622 0.994893 0.995312 0.995938 0.99685 0.998155 1 
1.00001 1.00002 1.00003 1.00005 1.00006 1.00008 1.00009 1.00011 1.00013 1.00015 1.00016 1.00018 1.0002 1.00022 1.00024 1.00027 1.00029 1.00031 1.00034 1.00036 1.00038 1.00041 1.00044 1.00047 1.00049 1.00052 1.00055 1.00058 1.00062 1.00065 1.00068 1.00072 1.00075 1.00079 1.00083 1.00086 1.0009 1.00094 1.00098 1.00102 1.00106 1.00111 1.00115 1.0012 1.00124 1.00129 1.00133 1.00138 1.00143 1.00148 1.00153 1.00158 1.00163 1.00168 1.00173 1.00179 1.00184 1.0019 1.00195 1.00201 1.00206 1.00212 1.00218 1.00224 1.0023 1.00236 1.00242 1.00248 1.00254 1.00261 1.00267 1.00274 1.0028 1.00287 1.00294 1.003 1.00307 1.00314 1.00322 1.00329 1.00336 1.00343 1.0035 1.00358 1.00365 1.00372 1.00378 1.00384 1.00389 1.00393 1.00394 1.00393 1.00388 1.00378 1.0036 1.00332 1.00288 1.00224 1.00131 1 
2 1 0.001
2.00004 1.99992 1.99989 1.9999 1.99992 1.99994 1.99995 1.99997 1.99998 1.99998 1.99999 1.99999 2 2 2 2 2 2 2 2 2 2 2 2 2 2 2 2 2 2 2 2 2 2 2 2 2 2 2 2 2 2 2 2 2 2 2 2 2 2 2 2 2 2 2 2 2 2 2 2 2 2 2 2 2 2 2 2 2 2 2 2 2 2 2 2 2 2 2 2 2 2 2 2 2 2 2 2 2 2 2 2 2 2 2 2 2 2 2 2 2 
1.00003 1.00008 1.00009 1.00008 1.00006 1.00005 1.00003 1.00002 1.00002 1.00001 1.00001 1 1 1 1 1 1 1 1 1 1 1 1 1 1 1 1 1 1 1 1 1 1 1 1 1 1 1 1 1 1 1 1 1 1 1 1 1 1 1 1 1 1 1 1 1 1 1 1 1 1 1 1 1 1 1 1 1 1 1 1 1 1 1 1 1 1 1 1 1 1 1 1 1 1 1 1 1 1 1 1 1 1 1 1 1 1 1 1 1 
3 1 0.001
3.00003 2.99997 2.99997 2.99998 2.99999 2.99999 3 3 3 3 3 3 3 3 3 3 3 3 3 3 3 3 3 3 3 3 3 3 3 3 3 3 3 3 3 3 3 3 3 3 3 3 3 3 3 3 3 3 3 3 3 3 3 3 3 3 3 3 3 3 3 3 3 3 3 3 3 3 3 3 3 3 3 3 3 3 3 3 3 3 3 3 3 3 3 3 3 3 3 3 3 3 3 3 3 3 3 3 3 3 3 
1.00001 1.00003 1.00002 1.00001 1.00001 1 1 1 1 1 1 1 1 1 1 1 1 1 1 1 1 1 1 1 1 1 1 1 1 1 1 1 1 1 1 1 1 1 1 1 1 1 1 1 1 1 1 1 1 1 1 1 1 1 1 1 1 1 1 1 1 1 1 1 1 1 1 1 1 1 1 1 1 1 1 1 1 1 1 1 1 1 1 1 1 1 1 1 1 1 1 1 1 1 1 1 1 1 1 1 
4 1 0.001
4.00002 3.99999 3.99999 4 4 4 4 4 4 4 4 4 4 4 4 4 4 4 4 4 4 4 4 4 4 4 4 4 4 4 4 4 4 4 4 4 4 4 4 4 4 4 4 4 4 4 4 4 4 4 4 4 4 4 4 4 4 4 4 4 4 4 4 4 4 4 4 4 4 4 4 4 4 4 4 4 4 4 4 4 4 4 4 4 4 4 4 4 4 4 4 4 4 4 4 4 4 4 4 4 4 
1 1.00001 1.00001 1 1 1 1 1 1 1 1 1 1 1 1 1 1 1 1 1 1 1 1 1 1 1 1 1 1 1 1 1 1 1 1 1 1 1 1 1 1 1 1 1 1 1 1 1 1 1 1 1 1 1 1 1 1 1 1 1 1 1 1 1 1 1 1 1 1 1 1 1 1 1 1 1 1 1 1 1 1 1 1 1 1 1 1 1 1 1 1 1 1 1 1 1 1 1 1 1 
1 2 0.001
1.99712 1.73591 1.61575 1.54698 1.50246 1.47126 1.44814 1.43028 1.41605 1.4044 1.39468 1.38642 1.3793 1.37308 1.36759 1.36269 1.35829 1.3543 1.35067 1.34733 1.34425 1.34139 1.33873 1.33624 1.33389 1.33168 1.32959 1.3276 1.32571 1.3239 1.32217 1.32051 1.31892 1.31738 1.31589 1.31445 1.31305 1.3117 1.31038 1.30909 1.30783 1.30661 1.3054 1.30423 1.30307 1.30193 1.30082 1.29971 1.29862 1.29755 1.29649 1.29543 1.29439 1.29335 1.29231 1.29128 1.29025 1.28923 1.2882 1.28717 1.28613 1.28509 1.28403 1.28297 1.28189 1.2808 1.27969 1.27855 1.27739 1.2762 1.27497 1.2737 1.27239 1.27103 1.2696 1.26812 1.26655 1.2649 1.26314 1.26128 1.25928 1.25714 1.25482 1.2523 1.24954 1.24651 1.24315 1.23941 1.2352 1.23043 1.22497 1.21865 1.21124 1.20243 1.19177 1.17862 1.16196 1.14018 1.11048 1.06756 1 
1.06984 1.23083 1.32237 1.38115 1.42207 1.45223 1.47541 1.49383 1.50885 1.52136 1.53196 1.54109 1.54904 1.55605 1.5623 1.5679 1.57298 1.5776 1.58184 1.58576 1.58938 1.59276 1.59592 1.59889 1.60169 1.60435 1.60686 1.60926 1.61155 1.61374 1.61584 1.61786 1.61981 1.62169 1.62351 1.62528 1.627 1.62867 1.63029 1.63188 1.63344 1.63496 1.63645 1.63791 1.63935 1.64076 1.64216 1.64354 1.6449 1.64625 1.64758 1.6489 1.65022 1.65153 1.65283 1.65413 1.65543 1.65673 1.65804 1.65935 1.66067 1.662 1.66334 1.6647 1.66608 1.66748 1.66891 1.67038 1.67188 1.67342 1.67501 1.67666 1.67837 1.68015 1.68202 1.68397 1.68604 1.68822 1.69055 1.69303 1.6957 1.69857 1.7017 1.70511 1.70885 1.71299 1.7176 1.72278 1.72863 1.73532 1.74305 1.75208 1.76279 1.7757 1.79157 1.81156 1.83752 1.87262 1.9227 2 
2 2 0.001
3.40536 2.39116 2.15174 2.06521 2.02914 2.01322 2.00601 2.00272 2.00122 2.00053 2.00022 2.00008 2.00003 2 1.99999 1.99999 1.99999 1.99999 2 2 2 2 2 2 2 2 2 2 2 2 2 2 2 2 2 2 2 2 2 2 2 2 2 2 2 2 2 2 2 2 2 2 2 2 2 2 2 2 2 2 2 2 2 2 2 2 2 2 2 2 2 2 2 2 2 2 2 2 2 2 2 2 2 2 2 2 2 2 2 2 2 2 2 2 2 2 2 2 2 2 2 
1.17469 1.67292 1.85906 1.93694 1.97135 1.98693 1.99406 1.99732 1.99882 1.99949 1.9998 1.99993 1.99998 2.00001 2.00001 2.00001 2.00001 2.00001 2.00001 2 2 2 2 2 2 2 2 2 2 2 2 2 2 2 2 2 2 2 2 2 2 2 2 2 2 2 2 2 2 2 2 2 2 2 2 2 2 2 2 2 2 2 2 2 2 2 2 2 2 2 2 2 2 2 2 2 2 2 2 2 2 2 2 2 2 2 2 2 2 2 2 2 2 2 2 2 2 2 2 2 
3 2 0.001
4.97162 3.26554 3.05098 3.01036 3.00212 3.00043 3.00009 3.00002 3 3 3 3 3 3 3 3 3 3 3 3 3 3 3 3 3 3 3 3 3 3 3 3 3 3 3 3 3 3 3 3 3 3 3 3 3 3 3 3 3 3 3 3 3 3 3 3 3 3 3 3 3 3 3 3 3 3 3 3 3 3 3 3 3 3 3 3 3 3 3 3 3 3 3 3 3 3 3 3 3 3 3 3 3 3 3 3 3 3 3 3 3 
1.20687 1.83739 1.9666 1.99313 1.99859 1.99972 1.99995 1.99999 2 2 2 2 2 2 2 2 2 2 2 2 2 2 2 2 2 2 2 2 2 2 2 2 2 2 2 2 2 2 2 2 2 2 2 2 2 2 2 2 2 2 2 2 2 2 2 2 2 2 2 2 2 2 2 2 2 2 2 2 2 2 2 2 2 2 2 2 2 2 2 2 2 2 2 2 2 2 2 2 2 2 2 2 2 2 2 2 2 2 2 2 
4 2 0.001
6.56241 4.20196 4.02263 4.00262 4.0003 4.00003 4 4 4 4 4 4 4 4 4 4 4 4 4 4 4 4 4 4 4 4 4 4 4 4 4 4 4 4 4 4 4 4 4 4 4 4 4 4 4 4 4 4 4 4 4 4 4 4 4 4 4 4 4 4 4 4 4 4 4 4 4 4 4 4 4 4 4 4 4 4 4 4 4 4 4 4 4 4 4 4 4 4 4 4 4 4 4 4 4 4 4 4 4 4 4 
1.21907 1.90388 1.98875 1.99869 1.99985 1.99998 2 2 2 2 2 2 2 2 2 2 2 2 2 2 2 2 2 2 2 2 2 2 2 2 2 2 2 2 2 2 2 2 2 2 2 2 2 2 2 2 2 2 2 2 2 2 2 2 2 2 2 2 2 2 2 2 2 2 2 2 2 2 2 2 2 2 2 2 2 2 2 2 2 2 2 2 2 2 2 2 2 2 2 2 2 2 2 2 2 2 2 2 2 2 
1 3 0.001
2.86657 2.08487 1.84122 1.72414 1.65557 1.61055 1.57868 1.5549 1.53644 1.52166 1.50953 1.49937 1.49072 1.48325 1.47672 1.47094 1.46579 1.46115 1.45694 1.45311 1.44958 1.44633 1.4433 1.44049 1.43785 1.43537 1.43303 1.43081 1.42871 1.4267 1.42479 1.42295 1.42119 1.4195 1.41787 1.41629 1.41476 1.41328 1.41183 1.41043 1.40906 1.40773 1.40642 1.40514 1.40389 1.40265 1.40144 1.40024 1.39906 1.39789 1.39674 1.39559 1.39446 1.39333 1.3922 1.39108 1.38996 1.38884 1.38771 1.38659 1.38545 1.3843 1.38315 1.38197 1.38079 1.37957 1.37834 1.37708 1.37578 1.37445 1.37307 1.37165 1.37017 1.36863 1.36702 1.36533 1.36355 1.36166 1.35966 1.35752 1.35522 1.35274 1.35006 1.34713 1.34393 1.34039 1.33645 1.33204 1.32707 1.3214 1.31487 1.30726 1.29827 1.28748 1.27426 1.2577 1.23632 1.20764 1.16711 1.10543 1 
1.15759 1.59162 1.80223 1.92462 2.00433 2.06036 2.10195 2.13409 2.15974 2.18071 2.19823 2.21312 2.22596 2.23716 2.24705 2.25587 2.2638 2.27098 2.27752 2.28353 2.28907 2.29422 2.29901 2.3035 2.30771 2.31169 2.31546 2.31903 2.32243 2.32568 2.3288 2.33178 2.33466 2.33743 2.34011 2.3427 2.34522 2.34766 2.35004 2.35236 2.35463 2.35684 2.35902 2.36115 2.36324 2.3653 2.36733 2.36933 2.37131 2.37327 2.37521 2.37714 2.37905 2.38096 2.38286 2.38476 2.38666 2.38856 2.39047 2.3924 2.39433 2.39629 2.39827 2.40028 2.40233 2.40441 2.40654 2.40872 2.41097 2.41328 2.41567 2.41816 2.42074 2.42344 2.42628 2.42926 2.43241 2.43576 2.43933 2.44316 2.44728 2.45174 2.45659 2.46191 2.46777 2.47427 2.48154 2.48973 2.49905 2.50976 2.52221 2.53688 2.55443 2.57584 2.60254 2.6368 2.68239 2.7461 2.84145 3 
2 3 0.001
4.6926 2.64429 2.26412 2.12627 2.06429 2.0337 2.01789 2.00954 2.00507 2.00268 2.0014 2.00071 2.00035 2.00016 2.00006 2.00001 1.99999 1.99998 1.99998 1.99998 1.99998 1.99999 1.99999 1.99999 1.99999 1.99999 2 2 2 2 2 2 2 2 2 2 2 2 2 2 2 2 2 2 2 2 2 2 2 2 2 2 2 2 2 2 2 2 2 2 2 2 2 2 2 2 2 2 2 2 2 2 2 2 2 2 2 2 2 2 2 2 2 2 2 2 2 2 2 2 2 2 2 2 2 2 2 2 2 2 2 
1.2787 2.2692 2.65022 2.82202 2.90673 2.95044 2.97353 2.98587 2.9925 2.99606 2.99797 2.99899 2.99952 2.9998 2.99994 3 3.00003 3.00004 3.00004 3.00004 3.00003 3.00002 3.00002 3.00002 3.00001 3.00001 3.00001 3.00001 3 3 3 3 3 3 3 3 3 3 3 3 3 3 3 3 3 3 3 3 3 3 3 3 3 3 3 3 3 3 3 3 3 3 3 3 3 3 3 3 3 3 3 3 3 3 3 3 3 3 3 3 3 3 3 3 3 3 3 3 3 3 3 3 3 3 3 3 3 3 3 3 
3 3 0.001
6.79102 3.45369 3.09703 3.02283 3.00548 3.00132 3.00031 3.00007 3.00002 3 3 3 3 3 3 3 3 3 3 3 3 3 3 3 3 3 3 3 3 3 3 3 3 3 3 3 3 3 3 3 3 3 3 3 3 3 3 3 3 3 3 3 3 3 3 3 3 3 3 3 3 3 3 3 3 3 3 3 3 3 3 3 3 3 3 3 3 3 3 3 3 3 3 3 3 3 3 3 3 3 3 3 3 3 3 3 3 3 3 3 3 
1.32529 2.60594 2.90603 2.97736 2.99454 2.99869 2.99969 2.99993 2.99999 3 3 3 3 3 3 3 3 3 3 3 3 3 3 3 3 3 3 3 3 3 3 3 3 3 3 3 3 3 3 3 3 3 3 3 3 3 3 3 3 3 3 3 3 3 3 3 3 3 3 3 3 3 3 3 3 3 3 3 3 3 3 3 3 3 3 3 3 3 3 3 3 3 3 3 3 3 3 3 3 3 3 3 3 3 3 3 3 3 3 3 
4 3 0.001
8.92713 4.35109 4.04475 4.00605 4.00082 4.00011 4.00001 4 4 4 4 4 4 4 4 4 4 4 4 4 4 4 4 4 4 4 4 4 4 4 4 4 4 4 4 4 4 4 4 4 4 4 4 4 4 4 4 4 4 4 4 4 4 4 4 4 4 4 4 4 4 4 4 4 4 4 4 4 4 4 4 4 4 4 4 4 4 4 4 4 4 4 4 4 4 4 4 4 4 4 4 4 4 4 4 4 4 4 4 4 4 
1.34422 2.75794 2.96681 2.99547 2.99939 2.99992 2.99999 3 3 3 3 3 3 3 3 3 3 3 3 3 3 3 3 3 3 3 3 3 3 3 3 3 3 3 3 3 3 3 3 3 3 3 3 3 3 3 3 3 3 3 3 3 3 3 3 3 3 3 3 3 3 3 3 3 3 3 3 3 3 3 3 3 3 3 3 3 3 3 3 3 3 3 3 3 3 3 3 3 3 3 3 3 3 3 3 3 3 3 3 3 
1 4 0.001
3.70584 2.32892 1.993 1.84498 1.76209 1.70914 1.67236 1.64528 1.62447 1.60794 1.59447 1.58326 1.57375 1.56557 1.55844 1.55216 1.54657 1.54156 1.53702 1.53288 1.52909 1.5256 1.52236 1.51935 1.51653 1.51389 1.51139 1.50904 1.5068 1.50467 1.50264 1.5007 1.49883 1.49704 1.49531 1.49364 1.49203 1.49046 1.48895 1.48747 1.48603 1.48462 1.48324 1.48189 1.48057 1.47927 1.47799 1.47674 1.47549 1.47426 1.47305 1.47184 1.47064 1.46945 1.46827 1.46708 1.4659 1.46471 1.46352 1.46233 1.46112 1.45991 1.45868 1.45743 1.45616 1.45487 1.45355 1.4522 1.45081 1.44938 1.4479 1.44637 1.44478 1.44312 1.44137 1.43954 1.43761 1.43556 1.43338 1.43105 1.42855 1.42584 1.42291 1.4197 1.41619 1.4123 1.40797 1.40311 1.39761 1.39133 1.38408 1.37559 1.36553 1.35338 1.33842 1.3195 1.29483 1.26125 1.21283 1.13683 1 
1.22776 1.95364 2.28292 2.46608 2.58208 2.66207 2.72062 2.7654 2.80082 2.8296 2.8535 2.87371 2.89107 2.90616 2.91945 2.93125 2.94184 2.95141 2.96011 2.96808 2.97543 2.98223 2.98856 2.99447 3.00003 3.00526 3.0102 3.01489 3.01935 3.0236 3.02768 3.03158 3.03533 3.03895 3.04244 3.04582 3.0491 3.05228 3.05537 3.05839 3.06133 3.06421 3.06703 3.0698 3.07252 3.07519 3.07783 3.08043 3.083 3.08554 3.08806 3.09057 3.09306 3.09554 3.09802 3.10049 3.10297 3.10545 3.10795 3.11046 3.113 3.11556 3.11816 3.1208 3.12349 3.12624 3.12905 3.13193 3.1349 3.13796 3.14114 3.14444 3.14788 3.15148 3.15526 3.15925 3.16347 3.16796 3.17275 3.1779 3.18345 3.18946 3.19602 3.20321 3.21115 3.21997 3.22985 3.24102 3.25375 3.26842 3.28554 3.30578 3.33014 3.36002 3.39758 3.44626 3.51193 3.60542 3.74935 4 
2 4 0.001
5.92017 2.83698 2.35647 2.1828 2.10139 2.05845 2.03437 2.02041 2.01216 2.00723 2.00427 2.00249 2.00142 2.00079 2.00041 2.00019 2.00007 2 1.99996 1.99995 1.99994 1.99994 1.99995 1.99995 1.99996 1.99996 1.99997 1.99997 1.99998 1.99998 1.99998 1.99999 1.99999 1.99999 1.99999 1.99999 1.99999 2 2 2 2 2 2 2 2 2 2 2 2 2 2 2 2 2 2 2 2 2 2 2 2 2 2 2 2 2 2 2 2 2 2 2 2 2 2 2 2 2 2 2 2 2 2 2 2 2 2 2 2 2 2 2 2 2 2 2 2 2 2 2 2 
1.35143 2.82015 3.39519 3.66532 3.80731 3.8867 3.93267 3.95982 3.97604 3.98578 3.99164 3.99517 3.99728 3.99853 3.99927 3.9997 3.99993 4.00006 4.00012 4.00015 4.00015 4.00014 4.00013 4.00012 4.0001 4.00009 4.00007 4.00006 4.00005 4.00004 4.00004 4.00003 4.00003 4.00002 4.00002 4.00001 4.00001 4.00001 4.00001 4.00001 4.00001 4 4 4 4 4 4 4 4 4 4 4 4 4 4 4 4 4 4 4 4 4 4 4 4 4 4 4 4 4 4 4 4 4 4 4 4 4 4 4 4 4 4 4 4 4 4 4 4 4 4 4 4 4 4 4 4 4 4 4 
3 4 0.001
8.53629 3.60273 3.13875 3.03613 3.00969 3.00261 3.0007 3.00019 3.00005 3.00001 3 3 3 3 3 3 3 3 3 3 3 3 3 3 3 3 3 3 3 3 3 3 3 3 3 3 3 3 3 3 3 3 3 3 3 3 3 3 3 3 3 3 3 3 3 3 3 3 3 3 3 3 3 3 3 3 3 3 3 3 3 3 3 3 3 3 3 3 3 3 3 3 3 3 3 3 3 3 3 3 3 3 3 3 3 3 3 3 3 3 3 
1.40578 3.33084 3.82321 3.95242 3.98714 3.99653 3.99907 3.99976 3.99994 3.99999 4 4 4 4 4 4 4 4 4 4 4 4 4 4 4 4 4 4 4 4 4 4 4 4 4 4 4 4 4 4 4 4 4 4 4 4 4 4 4 4 4 4 4 4 4 4 4 4 4 4 4 4 4 4 4 4 4 4 4 4 4 4 4 4 4 4 4 4 4 4 4 4 4 4 4 4 4 4 4 4 4 4 4 4 4 4 4 4 4 4 
4 4 0.001
11.199 4.47196 4.06579 4.00992 4.00151 4.00023 4.00003 4 4 4 4 4 4 4 4 4 4 4 4 4 4 4 4 4 4 4 4 4 4 4 4 4 4 4 4 4 4 4 4 4 4 4 4 4 4 4 4 4 4 4 4 4 4 4 4 4 4 4 4 4 4 4 4 4 4 4 4 4 4 4 4 4 4 4 4 4 4 4 4 4 4 4 4 4 4 4 4 4 4 4 4 4 4 4 4 4 4 4 4 4 4 
1.4287 3.57786 3.93528 3.99011 3.99849 3.99977 3.99997 4 4 4 4 4 4 4 4 4 4 4 4 4 4 4 4 4 4 4 4 4 4 4 4 4 4 4 4 4 4 4 4 4 4 4 4 4 4 4 4 4 4 4 4 4 4 4 4 4 4 4 4 4 4 4 4 4 4 4 4 4 4 4 4 4 4 4 4 4 4 4 4 4 4 4 4 4 4 4 4 4 4 4 4 4 4 4 4 4 4 4 4 4 
