1 1 0.01
0.99903 0.999019 0.999006 0.998993 0.99898 0.998966 0.998951 0.998936 0.99892 0.998904 0.998887 0.998869 0.998851 0.998832 0.998812 0.998792 0.998771 0.998749 0.998726 0.998702 0.998678 0.998653 0.998627 0.9986 0.998572 0.998543 0.998514 0.998483 0.998452 0.99842 0.998386 0.998352 0.998317 0.998281 0.998244 0.998206 0.998167 0.998127 0.998086 0.998044 0.998001 0.997957 0.997913 0.997867 0.99782 0.997772 0.997724 0.997674 0.997624 0.997572 0.99752 0.997466 0.997412 0.997357 0.9973 0.997243 0.997185 0.997126 0.997066 0.997005 0.996943 0.99688 0.996816 0.996751 0.996685 0.996618 0.99655 0.996481 0.99641 0.996339 0.996266 0.996192 0.996117 0.996041 0.995963 0.995885 0.995805 0.995724 0.995641 0.995558 0.995474 0.99539 0.995306 0.995222 0.99514 0.995061 0.994986 0.994918 0.99486 0.994817 0.994793 0.994798 0.994841 0.994938 0.995109 0.99538 0.995786 0.996377 0.997215 0.998386 1 
1.00001 1.00002 1.00003 1.00004 1.00006 1.00007 1.00008 1.0001 1.00011 1.00013 1.00015 1.00016 1.00018 1.0002 1.00022 1.00024 1.00026 1.00028 1.0003 1.00032 1.00034 1.00036 1.00039 1.00041 1.00044 1.00046 1.00049 1.00052 1.00055 1.00058 1.00061 1.00064 1.00067 1.0007 1.00074 1.00077 1.0008 1.00084 1.00088 1.00091 1.00095 1.00099 1.00103 1.00107 1.00111 1.00115 1.0012 1.00124 1.00129 1.00133 1.00138 1.00142 1.00147 1.00152 1.00157 1.00162 1.00167 1.00172 1.00178 1.00183 1.00188 1.00194 1.002 1.00205 1.00211 1.00217 1.00223 1.00229 1.00235 1.00241 1.00248 1.00254 1.00261 1.00267 1.00274 1.00281 1.00288 1.00295 1.00302 1.00309 1.00316 1.00324 1.00331 1.00338 1.00345 1.00352 1.00358 1.00363 1.00368 1.00371 1.00372 1.0037 1.00364 1.00353 1.00334 1.00306 1.00263 1.00203 1.00118 1 
2 1 0.01
2.00004 1.99992 1.99989 1.99989 1.99991 1.99992 1.99994 1.99996 1.99997 1.99998 1.99999 1.99999 1.99999 2 2 2 2 2 2 2 2 2 2 2 2 2 2 2 2 2 2 2 2 2 2 2 2 2 2 2 2 2 2 2 2 2 2 2 2 2 2 2 2 2 2 2 2 2 2 2 2 2 2 2 2 2 2 2 2 2 2 2 2 2 2 2 2 2 2 2 2 2 2 2 2 2 2 2 2 2 2 2 2 2 2 2 2 2 2 2 2 
1.00003 1.00009 1.0001 1.00009 1.00007 1.00005 1.00004 1.00003 1.00002 1.00001 1.00001 1.00001 1 1 1 1 1 1 1 1 1 1 1 1 1 1 1 1 1 1 1 1 1 1 1 1 1 1 1 1 1 1 1 1 1 1 1 1 1 1 1 1 1 1 1 1 1 1 1 1 1 1 1 1 1 1 1 1 1 1 1 1 1 1 1 1 1 1 1 1 1 1 1 1 1 1 1 1 1 1 1 1 1 1 1 1 1 1 1 1 
3 1 0.01
3.00003 2.99997 2.99997 2.99998 2.99999 2.99999 3 3 3 3 3 3 3 3 3 3 3 3 3 3 3 3 3 3 3 3 3 3 3 3 3 3 3 3 3 3 3 3 3 3 3 3 3 3 3 3 3 3 3 3 3 3 3 3 3 3 3 3 3 3 3 3 3 3 3 3 3 3 3 3 3 3 3 3 3 3 3 3 3 3 3 3 3 3 3 3 3 3 3 3 3 3 3 3 3 3 3 3 3 3 3 
1.00001 1.00003 1.00002 1.00001 1.00001 1 1 1 1 1 1 1 1 1 1 1 1 1 1 1 1 1 1 1 1 1 1 1 1 1 1 1 1 1 1 1 1 1 1 1 1 1 1 1 1 1 1 1 1 1 1 1 1 1 1 1 1 1 1 1 1 1 1 1 1 1 1 1 1 1 1 1 1 1 1 1 1 1 1 1 1 1 1 1 1 1 1 1 1 1 1 1 1 1 1 1 1 1 1 1 
4 1 0.01
4.00002 3.99999 3.99999 3.99999 4 4 4 4 4 4 4 4 4 4 4 4 4 4 4 4 4 4 4 4 4 4 4 4 4 4 4 4 4 4 4 4 4 4 4 4 4 4 4 4 4 4 4 4 4 4 4 4 4 4 4 4 4 4 4 4 4 4 4 4 4 4 4 4 4 4 4 4 4 4 4 4 4 4 4 4 4 4 4 4 4 4 4 4 4 4 4 4 4 4 4 4 4 4 4 4 4 
1 1.00001 1.00001 1 1 1 1 1 1 1 1 1 1 1 1 1 1 1 1 1 1 1 1 1 1 1 1 1 1 1 1 1 1 1 1 1 1 1 1 1 1 1 1 1 1 1 1 1 1 1 1 1 1 1 1 1 1 1 1 1 1 1 1 1 1 1 1 1 1 1 1 1 1 1 1 1 1 1 1 1 1 1 1 1 1 1 1 1 1 1 1 1 1 1 1 1 1 1 1 1 
1 2 0.01
1.9987 1.74658 1.62602 1.55591 1.51014 1.47791 1.45396 1.43542 1.42063 1.40852 1.3984 1.3898 1.38238 1.37591 1.3702 1.3651 1.36052 1.35638 1.3526 1.34913 1.34593 1.34296 1.34019 1.33761 1.33518 1.33288 1.33072 1.32866 1.3267 1.32483 1.32304 1.32132 1.31967 1.31807 1.31654 1.31505 1.31361 1.31221 1.31084 1.30952 1.30822 1.30696 1.30572 1.3045 1.30331 1.30214 1.30098 1.29985 1.29873 1.29762 1.29652 1.29544 1.29436 1.29329 1.29222 1.29116 1.2901 1.28904 1.28797 1.28691 1.28584 1.28476 1.28367 1.28257 1.28146 1.28033 1.27917 1.278 1.2768 1.27556 1.27429 1.27298 1.27162 1.2702 1.26873 1.26719 1.26556 1.26385 1.26204 1.26011 1.25804 1.25583 1.25343 1.25083 1.248 1.24488 1.24143 1.23759 1.23328 1.2284 1.22283 1.21639 1.20886 1.19993 1.18916 1.17591 1.1592 1.13746 1.10799 1.06574 1 
1.06719 1.22124 1.31179 1.3709 1.41245 1.44325 1.46703 1.48597 1.50144 1.51435 1.5253 1.53473 1.54296 1.55022 1.55668 1.56248 1.56774 1.57252 1.57691 1.58096 1.58471 1.58821 1.59148 1.59455 1.59744 1.60018 1.60278 1.60526 1.60762 1.60988 1.61205 1.61413 1.61614 1.61808 1.61996 1.62178 1.62355 1.62527 1.62695 1.62858 1.63018 1.63175 1.63328 1.63479 1.63627 1.63772 1.63916 1.64058 1.64198 1.64336 1.64474 1.6461 1.64745 1.6488 1.65014 1.65148 1.65282 1.65416 1.65551 1.65686 1.65822 1.65959 1.66098 1.66239 1.66381 1.66526 1.66674 1.66826 1.66981 1.67141 1.67306 1.67476 1.67654 1.67838 1.68031 1.68234 1.68448 1.68674 1.68915 1.69172 1.69448 1.69745 1.70068 1.7042 1.70806 1.71233 1.71707 1.72238 1.72839 1.73524 1.74314 1.75236 1.76326 1.77637 1.79245 1.81264 1.83876 1.8739 1.92374 2 
2 2 0.01
3.41589 2.41658 2.16561 2.0728 2.03331 2.01549 2.00723 2.00336 2.00155 2.0007 2.00031 2.00013 2.00004 2.00001 2 1.99999 1.99999 1.99999 1.99999 2 2 2 2 2 2 2 2 2 2 2 2 2 2 2 2 2 2 2 2 2 2 2 2 2 2 2 2 2 2 2 2 2 2 2 2 2 2 2 2 2 2 2 2 2 2 2 2 2 2 2 2 2 2 2 2 2 2 2 2 2 2 2 2 2 2 2 2 2 2 2 2 2 2 2 2 2 2 2 2 2 2 
1.17107 1.65533 1.84715 1.92985 1.96732 1.9847 1.99285 1.99668 1.99848 1.99933 1.99971 1.99989 1.99997 2 2.00001 2.00001 2.00001 2.00001 2.00001 2.00001 2 2 2 2 2 2 2 2 2 2 2 2 2 2 2 2 2 2 2 2 2 2 2 2 2 2 2 2 2 2 2 2 2 2 2 2 2 2 2 2 2 2 2 2 2 2 2 2 2 2 2 2 2 2 2 2 2 2 2 2 2 2 2 2 2 2 2 2 2 2 2 2 2 2 2 2 2 2 2 2 
3 2 0.01
4.98429 3.29495 3.05978 3.01283 3.00278 3.0006 3.00013 3.00003 3 3 3 3 3 3 3 3 3 3 3 3 3 3 3 3 3 3 3 3 3 3 3 3 3 3 3 3 3 3 3 3 3 3 3 3 3 3 3 3 3 3 3 3 3 3 3 3 3 3 3 3 3 3 3 3 3 3 3 3 3 3 3 3 3 3 3 3 3 3 3 3 3 3 3 3 3 3 3 3 3 3 3 3 3 3 3 3 3 3 3 3 3 
1.2038 1.82099 1.96094 1.9915 1.99816 1.99961 1.99992 1.99998 2 2 2 2 2 2 2 2 2 2 2 2 2 2 2 2 2 2 2 2 2 2 2 2 2 2 2 2 2 2 2 2 2 2 2 2 2 2 2 2 2 2 2 2 2 2 2 2 2 2 2 2 2 2 2 2 2 2 2 2 2 2 2 2 2 2 2 2 2 2 2 2 2 2 2 2 2 2 2 2 2 2 2 2 2 2 2 2 2 2 2 2 
4 2 0.01
6.57604 4.23313 4.02832 4.00356 4.00045 4.00006 4.00001 4 4 4 4 4 4 4 4 4 4 4 4 4 4 4 4 4 4 4 4 4 4 4 4 4 4 4 4 4 4 4 4 4 4 4 4 4 4 4 4 4 4 4 4 4 4 4 4 4 4 4 4 4 4 4 4 4 4 4 4 4 4 4 4 4 4 4 4 4 4 4 4 4 4 4 4 4 4 4 4 4 4 4 4 4 4 4 4 4 4 4 4 4 4 
1.21654 1.88986 1.98595 1.99823 1.99978 1.99997 2 2 2 2 2 2 2 2 2 2 2 2 2 2 2 2 2 2 2 2 2 2 2 2 2 2 2 2 2 2 2 2 2 2 2 2 2 2 2 2 2 2 2 2 2 2 2 2 2 2 2 2 2 2 2 2 2 2 2 2 2 2 2 2 2 2 2 2 2 2 2 2 2 2 2 2 2 2 2 2 2 2 2 2 2 2 2 2 2 2 2 2 2 2 
1 3 0.01
2.87235 2.10686 1.85677 1.73551 1.66434 1.61758 1.5845 1.55982 1.54067 1.52535 1.51279 1.50227 1.49333 1.48561 1.47886 1.47289 1.46757 1.46279 1.45845 1.4545 1.45087 1.44752 1.44441 1.44151 1.4388 1.43625 1.43385 1.43157 1.42941 1.42736 1.42539 1.42351 1.42171 1.41997 1.4183 1.41668 1.41512 1.4136 1.41212 1.41069 1.40929 1.40792 1.40659 1.40528 1.404 1.40273 1.40149 1.40027 1.39906 1.39787 1.39669 1.39552 1.39436 1.3932 1.39205 1.39091 1.38976 1.38861 1.38746 1.38631 1.38515 1.38397 1.38279 1.38159 1.38037 1.37913 1.37787 1.37657 1.37525 1.37388 1.37247 1.37101 1.3695 1.36792 1.36627 1.36454 1.36271 1.36078 1.35873 1.35654 1.35419 1.35166 1.34892 1.34593 1.34266 1.33905 1.33504 1.33056 1.3255 1.31975 1.31312 1.30542 1.29632 1.28542 1.2721 1.25543 1.23397 1.20527 1.16487 1.10371 1 
1.15347 1.57256 1.78437 1.90904 1.99068 2.04822 2.09098 2.12406 2.15046 2.17205 2.19009 2.20541 2.21862 2.23014 2.24032 2.24938 2.25753 2.2649 2.27163 2.2778 2.28349 2.28877 2.29368 2.29828 2.3026 2.30668 2.31053 2.31419 2.31768 2.32101 2.32419 2.32725 2.33019 2.33302 2.33576 2.33841 2.34098 2.34347 2.3459 2.34827 2.35059 2.35285 2.35507 2.35724 2.35938 2.36148 2.36355 2.36559 2.36761 2.36961 2.37159 2.37356 2.37552 2.37746 2.3794 2.38134 2.38328 2.38523 2.38718 2.38915 2.39113 2.39313 2.39516 2.39721 2.39931 2.40144 2.40362 2.40585 2.40815 2.41052 2.41297 2.41551 2.41816 2.42093 2.42383 2.42688 2.43011 2.43354 2.43719 2.44111 2.44532 2.44988 2.45484 2.46027 2.46625 2.47288 2.48029 2.48863 2.49811 2.50899 2.52163 2.53651 2.55429 2.57595 2.60292 2.63746 2.68332 2.74721 2.84248 3 
2 3 0.01
4.70918 2.67973 2.28105 2.13553 2.06969 2.03692 2.01983 2.0107 2.00577 2.00309 2.00164 2.00085 2.00042 2.0002 2.00008 2.00002 2 1.99998 1.99998 1.99998 1.99998 1.99998 1.99999 1.99999 1.99999 1.99999 1.99999 2 2 2 2 2 2 2 2 2 2 2 2 2 2 2 2 2 2 2 2 2 2 2 2 2 2 2 2 2 2 2 2 2 2 2 2 2 2 2 2 2 2 2 2 2 2 2 2 2 2 2 2 2 2 2 2 2 2 2 2 2 2 2 2 2 2 2 2 2 2 2 2 2 2 
1.2742 2.2392 2.63055 2.80979 2.89915 2.94577 2.97067 2.98414 2.99146 2.99545 2.99761 2.99878 2.99941 2.99974 2.9999 2.99999 3.00003 3.00004 3.00004 3.00004 3.00003 3.00003 3.00002 3.00002 3.00001 3.00001 3.00001 3.00001 3.00001 3 3 3 3 3 3 3 3 3 3 3 3 3 3 3 3 3 3 3 3 3 3 3 3 3 3 3 3 3 3 3 3 3 3 3 3 3 3 3 3 3 3 3 3 3 3 3 3 3 3 3 3 3 3 3 3 3 3 3 3 3 3 3 3 3 3 3 3 3 3 3 
3 3 0.01
6.81105 3.49428 3.10859 3.0263 3.00651 3.00161 3.0004 3.0001 3.00002 3 3 3 3 3 3 3 3 3 3 3 3 3 3 3 3 3 3 3 3 3 3 3 3 3 3 3 3 3 3 3 3 3 3 3 3 3 3 3 3 3 3 3 3 3 3 3 3 3 3 3 3 3 3 3 3 3 3 3 3 3 3 3 3 3 3 3 3 3 3 3 3 3 3 3 3 3 3 3 3 3 3 3 3 3 3 3 3 3 3 3 3 
1.3214 2.57567 2.89523 2.97395 2.99352 2.9984 2.99961 2.99991 2.99998 3 3 3 3 3 3 3 3 3 3 3 3 3 3 3 3 3 3 3 3 3 3 3 3 3 3 3 3 3 3 3 3 3 3 3 3 3 3 3 3 3 3 3 3 3 3 3 3 3 3 3 3 3 3 3 3 3 3 3 3 3 3 3 3 3 3 3 3 3 3 3 3 3 3 3 3 3 3 3 3 3 3 3 3 3 3 3 3 3 3 3 
4 3 0.01
8.94894 4.39432 4.05249 4.00742 4.00106 4.00015 4.00002 4 4 4 4 4 4 4 4 4 4 4 4 4 4 4 4 4 4 4 4 4 4 4 4 4 4 4 4 4 4 4 4 4 4 4 4 4 4 4 4 4 4 4 4 4 4 4 4 4 4 4 4 4 4 4 4 4 4 4 4 4 4 4 4 4 4 4 4 4 4 4 4 4 4 4 4 4 4 4 4 4 4 4 4 4 4 4 4 4 4 4 4 4 4 
1.34095 2.7308 2.96115 2.99445 2.99921 2.99989 2.99999 3 3 3 3 3 3 3 3 3 3 3 3 3 3 3 3 3 3 3 3 3 3 3 3 3 3 3 3 3 3 3 3 3 3 3 3 3 3 3 3 3 3 3 3 3 3 3 3 3 3 3 3 3 3 3 3 3 3 3 3 3 3 3 3 3 3 3 3 3 3 3 3 3 3 3 3 3 3 3 3 3 3 3 3 3 3 3 3 3 3 3 3 3 
1 4 0.01
3.7151 2.35827 2.01041 1.85662 1.77058 1.7157 1.67763 1.64964 1.62816 1.61112 1.59724 1.5857 1.57592 1.56751 1.56019 1.55374 1.54801 1.54287 1.53821 1.53398 1.5301 1.52652 1.52321 1.52013 1.51725 1.51455 1.512 1.50959 1.50731 1.50514 1.50307 1.50109 1.49919 1.49736 1.4956 1.4939 1.49226 1.49066 1.48912 1.48761 1.48614 1.48471 1.48331 1.48194 1.4806 1.47928 1.47798 1.4767 1.47543 1.47418 1.47295 1.47172 1.4705 1.46929 1.46808 1.46688 1.46568 1.46447 1.46326 1.46204 1.46082 1.45958 1.45833 1.45706 1.45577 1.45446 1.45311 1.45174 1.45032 1.44887 1.44736 1.4458 1.44418 1.44249 1.44072 1.43885 1.43689 1.4348 1.43259 1.43022 1.42767 1.42492 1.42194 1.41869 1.41512 1.41117 1.40679 1.40186 1.3963 1.38995 1.38261 1.37405 1.36389 1.35165 1.33659 1.31758 1.29282 1.2592 1.21086 1.13527 1 
1.22301 1.92668 2.26005 2.44726 2.56618 2.64826 2.70835 2.75429 2.79063 2.82014 2.84464 2.86535 2.88312 2.89858 2.91217 2.92425 2.93507 2.94485 2.95375 2.96189 2.96939 2.97633 2.98279 2.98883 2.99449 2.99982 3.00486 3.00963 3.01418 3.01851 3.02265 3.02663 3.03045 3.03413 3.03768 3.04111 3.04444 3.04768 3.05082 3.05389 3.05688 3.05981 3.06267 3.06548 3.06824 3.07096 3.07363 3.07627 3.07889 3.08147 3.08403 3.08657 3.0891 3.09162 3.09414 3.09665 3.09917 3.10169 3.10423 3.10678 3.10936 3.11197 3.11461 3.1173 3.12003 3.12282 3.12568 3.12862 3.13164 3.13476 3.13799 3.14134 3.14484 3.14851 3.15236 3.15641 3.16071 3.16527 3.17015 3.17538 3.18102 3.18713 3.19379 3.20109 3.20915 3.2181 3.22812 3.23944 3.25233 3.26718 3.28449 3.30496 3.32955 3.3597 3.39755 3.44656 3.51255 3.60632 3.7503 4 
2 4 0.01
5.94109 2.87819 2.37445 2.19256 2.10726 2.06216 2.03678 2.02198 2.01318 2.0079 2.0047 2.00277 2.0016 2.0009 2.00048 2.00023 2.00009 2.00001 1.99996 1.99994 1.99994 1.99994 1.99994 1.99995 1.99995 1.99996 1.99996 1.99997 1.99997 1.99998 1.99998 1.99998 1.99999 1.99999 1.99999 1.99999 1.99999 1.99999 2 2 2 2 2 2 2 2 2 2 2 2 2 2 2 2 2 2 2 2 2 2 2 2 2 2 2 2 2 2 2 2 2 2 2 2 2 2 2 2 2 2 2 2 2 2 2 2 2 2 2 2 2 2 2 2 2 2 2 2 2 2 2 
1.34668 2.77978 3.36949 3.64901 3.7967 3.87971 3.92804 3.95676 3.97402 3.98446 3.99079 3.99462 3.99693 3.99832 3.99914 3.99962 3.9999 4.00005 4.00012 4.00015 4.00016 4.00016 4.00014 4.00013 4.00011 4.0001 4.00008 4.00007 4.00006 4.00005 4.00004 4.00004 4.00003 4.00003 4.00002 4.00002 4.00001 4.00001 4.00001 4.00001 4.00001 4.00001 4 4 4 4 4 4 4 4 4 4 4 4 4 4 4 4 4 4 4 4 4 4 4 4 4 4 4 4 4 4 4 4 4 4 4 4 4 4 4 4 4 4 4 4 4 4 4 4 4 4 4 4 4 4 4 4 4 4 
3 4 0.01
8.56147 3.64942 3.15164 3.04018 3.01098 3.00302 3.00083 3.00022 3.00006 3.00001 3 3 3 3 3 3 3 3 3 3 3 3 3 3 3 3 3 3 3 3 3 3 3 3 3 3 3 3 3 3 3 3 3 3 3 3 3 3 3 3 3 3 3 3 3 3 3 3 3 3 3 3 3 3 3 3 3 3 3 3 3 3 3 3 3 3 3 3 3 3 3 3 3 3 3 3 3 3 3 3 3 3 3 3 3 3 3 3 3 3 3 
1.40164 3.28823 3.80757 3.94716 3.98543 3.99599 3.99891 3.99971 3.99993 3.99998 4 4 4 4 4 4 4 4 4 4 4 4 4 4 4 4 4 4 4 4 4 4 4 4 4 4 4 4 4 4 4 4 4 4 4 4 4 4 4 4 4 4 4 4 4 4 4 4 4 4 4 4 4 4 4 4 4 4 4 4 4 4 4 4 4 4 4 4 4 4 4 4 4 4 4 4 4 4 4 4 4 4 4 4 4 4 4 4 4 4 
4 4 0.01
11.2266 4.52172 4.07466 4.01159 4.00182 4.00029 4.00004 4.00001 4 4 4 4 4 4 4 4 4 4 4 4 4 4 4 4 4 4 4 4 4 4 4 4 4 4 4 4 4 4 4 4 4 4 4 4 4 4 4 4 4 4 4 4 4 4 4 4 4 4 4 4 4 4 4 4 4 4 4 4 4 4 4 4 4 4 4 4 4 4 4 4 4 4 4 4 4 4 4 4 4 4 4 4 4 4 4 4 4 4 4 4 4 
1.42519 3.53849 3.92671 3.98845 3.99818 3.99972 3.99996 3.99999 4 4 4 4 4 4 4 4 4 4 4 4 4 4 4 4 4 4 4 4 4 4 4 4 4 4 4 4 4 4 4 4 4 4 4 4 4 4 4 4 4 4 4 4 4 4 4 4 4 4 4 4 4 4 4 4 4 4 4 4 4 4 4 4 4 4 4 4 4 4 4 4 4 4 4 4 4 4 4 4 4 4 4 4 4 4 4 4 4 4 4 4 
