1 1 0.1
0.999926 0.999924 0.999922 0.999919 0.999917 0.999915 0.999912 0.999909 0.999906 0.999903 0.9999 0.999897 0.999893 0.999889 0.999885 0.999881 0.999876 0.999871 0.999866 0.999861 0.999855 0.999849 0.999842 0.999835 0.999828 0.99982 0.999812 0.999803 0.999794 0.999784 0.999773 0.999762 0.999751 0.999738 0.999725 0.999711 0.999696 0.999681 0.999664 0.999647 0.999628 0.999609 0.999588 0.999566 0.999543 0.999519 0.999494 0.999467 0.999438 0.999408 0.999377 0.999343 0.999309 0.999272 0.999233 0.999193 0.999151 0.999106 0.99906 0.999011 0.998961 0.998908 0.998852 0.998795 0.998735 0.998673 0.998608 0.998541 0.998472 0.9984 0.998327 0.998251 0.998173 0.998094 0.998013 0.997932 0.997849 0.997766 0.997683 0.997601 0.99752 0.997443 0.997368 0.997299 0.997236 0.997181 0.997136 0.997103 0.997087 0.997088 0.997113 0.997164 0.997247 0.997369 0.997535 0.997753 0.998034 0.998386 0.998822 0.999355 1 
1 1 1 1.00001 1.00001 1.00001 1.00001 1.00002 1.00002 1.00002 1.00003 1.00003 1.00003 1.00004 1.00004 1.00004 1.00005 1.00005 1.00006 1.00006 1.00007 1.00007 1.00008 1.00009 1.00009 1.0001 1.00011 1.00012 1.00012 1.00013 1.00014 1.00015 1.00016 1.00017 1.00019 1.0002 1.00021 1.00023 1.00024 1.00026 1.00027 1.00029 1.00031 1.00033 1.00035 1.00037 1.00039 1.00042 1.00044 1.00047 1.0005 1.00053 1.00056 1.00059 1.00063 1.00066 1.0007 1.00074 1.00078 1.00082 1.00087 1.00091 1.00096 1.00101 1.00107 1.00112 1.00118 1.00124 1.0013 1.00136 1.00142 1.00149 1.00156 1.00162 1.00169 1.00176 1.00183 1.0019 1.00197 1.00204 1.00211 1.00217 1.00223 1.00229 1.00233 1.00237 1.0024 1.00242 1.00242 1.0024 1.00236 1.00229 1.00219 1.00205 1.00187 1.00164 1.00134 1.00098 1.00054 1 
2 1 0.1
2.00009 1.99995 1.99988 1.99984 1.99983 1.99984 1.99985 1.99987 1.99989 1.9999 1.99992 1.99993 1.99995 1.99996 1.99997 1.99997 1.99998 1.99998 1.99999 1.99999 1.99999 1.99999 2 2 2 2 2 2 2 2 2 2 2 2 2 2 2 2 2 2 2 2 2 2 2 2 2 2 2 2 2 2 2 2 2 2 2 2 2 2 2 2 2 2 2 2 2 2 2 2 2 2 2 2 2 2 2 2 2 2 2 2 2 2 2 2 2 2 2 2 2 2 2 2 2 2 2 2 2 2 2 
1.00004 1.0001 1.00013 1.00014 1.00014 1.00013 1.00011 1.0001 1.00008 1.00007 1.00006 1.00005 1.00004 1.00003 1.00002 1.00002 1.00001 1.00001 1.00001 1.00001 1.00001 1 1 1 1 1 1 1 1 1 1 1 1 1 1 1 1 1 1 1 1 1 1 1 1 1 1 1 1 1 1 1 1 1 1 1 1 1 1 1 1 1 1 1 1 1 1 1 1 1 1 1 1 1 1 1 1 1 1 1 1 1 1 1 1 1 1 1 1 1 1 1 1 1 1 1 1 1 1 1 
3 1 0.1
3.00004 2.99999 2.99997 2.99996 2.99997 2.99998 2.99998 2.99999 2.99999 2.99999 3 3 3 3 3 3 3 3 3 3 3 3 3 3 3 3 3 3 3 3 3 3 3 3 3 3 3 3 3 3 3 3 3 3 3 3 3 3 3 3 3 3 3 3 3 3 3 3 3 3 3 3 3 3 3 3 3 3 3 3 3 3 3 3 3 3 3 3 3 3 3 3 3 3 3 3 3 3 3 3 3 3 3 3 3 3 3 3 3 3 3 
1.00001 1.00003 1.00003 1.00003 1.00002 1.00001 1.00001 1.00001 1 1 1 1 1 1 1 1 1 1 1 1 1 1 1 1 1 1 1 1 1 1 1 1 1 1 1 1 1 1 1 1 1 1 1 1 1 1 1 1 1 1 1 1 1 1 1 1 1 1 1 1 1 1 1 1 1 1 1 1 1 1 1 1 1 1 1 1 1 1 1 1 1 1 1 1 1 1 1 1 1 1 1 1 1 1 1 1 1 1 1 1 
4 1 0.1
4.00002 3.99999 3.99999 3.99999 3.99999 3.99999 4 4 4 4 4 4 4 4 4 4 4 4 4 4 4 4 4 4 4 4 4 4 4 4 4 4 4 4 4 4 4 4 4 4 4 4 4 4 4 4 4 4 4 4 4 4 4 4 4 4 4 4 4 4 4 4 4 4 4 4 4 4 4 4 4 4 4 4 4 4 4 4 4 4 4 4 4 4 4 4 4 4 4 4 4 4 4 4 4 4 4 4 4 4 4 
1 1.00001 1.00001 1.00001 1 1 1 1 1 1 1 1 1 1 1 1 1 1 1 1 1 1 1 1 1 1 1 1 1 1 1 1 1 1 1 1 1 1 1 1 1 1 1 1 1 1 1 1 1 1 1 1 1 1 1 1 1 1 1 1 1 1 1 1 1 1 1 1 1 1 1 1 1 1 1 1 1 1 1 1 1 1 1 1 1 1 1 1 1 1 1 1 1 1 1 1 1 1 1 1 
1 2 0.1
2.00803 1.8217 1.70783 1.63225 1.57888 1.53934 1.50894 1.48486 1.4653 1.4491 1.43545 1.42377 1.41365 1.40479 1.39696 1.38997 1.38368 1.37799 1.37281 1.36805 1.36368 1.35962 1.35585 1.35233 1.34903 1.34593 1.34299 1.34022 1.33758 1.33507 1.33267 1.33038 1.32818 1.32606 1.32402 1.32205 1.32014 1.31829 1.31649 1.31475 1.31304 1.31138 1.30976 1.30816 1.3066 1.30507 1.30356 1.30207 1.3006 1.29915 1.29772 1.29629 1.29488 1.29347 1.29207 1.29068 1.28928 1.28788 1.28648 1.28507 1.28365 1.28222 1.28078 1.27931 1.27783 1.27632 1.27478 1.27321 1.27161 1.26996 1.26826 1.26651 1.2647 1.26282 1.26086 1.25882 1.25668 1.25443 1.25207 1.24956 1.24689 1.24405 1.241 1.23772 1.23418 1.23032 1.2261 1.22146 1.21632 1.21058 1.20413 1.1968 1.1884 1.17864 1.16715 1.1534 1.13661 1.1156 1.08847 1.05198 1 
1.04857 1.15583 1.23289 1.28998 1.33358 1.36783 1.39539 1.41802 1.43694 1.453 1.46682 1.47884 1.48942 1.49881 1.50721 1.51478 1.52166 1.52793 1.5337 1.53902 1.54395 1.54855 1.55284 1.55688 1.56068 1.56427 1.56767 1.57091 1.57399 1.57694 1.57977 1.58248 1.58509 1.58761 1.59004 1.5924 1.59469 1.59691 1.59907 1.60118 1.60324 1.60526 1.60723 1.60917 1.61108 1.61296 1.61481 1.61663 1.61844 1.62023 1.62201 1.62377 1.62552 1.62727 1.62902 1.63076 1.63251 1.63426 1.63603 1.6378 1.63959 1.6414 1.64323 1.64509 1.64698 1.64891 1.65088 1.65289 1.65496 1.65709 1.65929 1.66157 1.66393 1.66639 1.66896 1.67165 1.67447 1.67746 1.68061 1.68397 1.68755 1.69139 1.69553 1.70001 1.70488 1.71021 1.71608 1.72259 1.72986 1.73805 1.74735 1.75804 1.77046 1.78511 1.80268 1.82416 1.8511 1.88596 1.93295 2 
2 2 0.1
3.5027 2.63023 2.30391 2.15807 2.08555 2.04729 2.02642 2.01483 2.00834 2.00468 2.00261 2.00145 2.00079 2.00042 2.00022 2.00011 2.00005 2.00002 2 1.99999 1.99999 1.99999 1.99999 1.99999 1.99999 2 2 2 2 2 2 2 2 2 2 2 2 2 2 2 2 2 2 2 2 2 2 2 2 2 2 2 2 2 2 2 2 2 2 2 2 2 2 2 2 2 2 2 2 2 2 2 2 2 2 2 2 2 2 2 2 2 2 2 2 2 2 2 2 2 2 2 2 2 2 2 2 2 2 2 2 
1.14207 1.5209 1.7363 1.85364 1.91807 1.95391 1.97402 1.98535 1.99176 1.99539 1.99744 1.99859 1.99924 1.9996 1.9998 1.99991 1.99996 1.99999 2.00001 2.00001 2.00001 2.00001 2.00001 2.00001 2.00001 2.00001 2 2 2 2 2 2 2 2 2 2 2 2 2 2 2 2 2 2 2 2 2 2 2 2 2 2 2 2 2 2 2 2 2 2 2 2 2 2 2 2 2 2 2 2 2 2 2 2 2 2 2 2 2 2 2 2 2 2 2 2 2 2 2 2 2 2 2 2 2 2 2 2 2 2 
3 2 0.1
5.09378 3.55354 3.16457 3.05125 3.0162 3.00514 3.00163 3.00051 3.00016 3.00005 3.00001 3 3 3 3 3 3 3 3 3 3 3 3 3 3 3 3 3 3 3 3 3 3 3 3 3 3 3 3 3 3 3 3 3 3 3 3 3 3 3 3 3 3 3 3 3 3 3 3 3 3 3 3 3 3 3 3 3 3 3 3 3 3 3 3 3 3 3 3 3 3 3 3 3 3 3 3 3 3 3 3 3 3 3 3 3 3 3 3 3 3 
1.17793 1.68848 1.89601 1.96643 1.98927 1.99659 1.99892 1.99966 1.9999 1.99997 1.99999 2 2 2 2 2 2 2 2 2 2 2 2 2 2 2 2 2 2 2 2 2 2 2 2 2 2 2 2 2 2 2 2 2 2 2 2 2 2 2 2 2 2 2 2 2 2 2 2 2 2 2 2 2 2 2 2 2 2 2 2 2 2 2 2 2 2 2 2 2 2 2 2 2 2 2 2 2 2 2 2 2 2 2 2 2 2 2 2 2 
4 2 0.1
6.69699 4.51377 4.10626 4.02254 4.00481 4.00102 4.00022 4.00005 4.00001 4 4 4 4 4 4 4 4 4 4 4 4 4 4 4 4 4 4 4 4 4 4 4 4 4 4 4 4 4 4 4 4 4 4 4 4 4 4 4 4 4 4 4 4 4 4 4 4 4 4 4 4 4 4 4 4 4 4 4 4 4 4 4 4 4 4 4 4 4 4 4 4 4 4 4 4 4 4 4 4 4 4 4 4 4 4 4 4 4 4 4 4 
1.19457 1.77237 1.94825 1.9888 1.9976 1.99949 1.99989 1.99998 2 2 2 2 2 2 2 2 2 2 2 2 2 2 2 2 2 2 2 2 2 2 2 2 2 2 2 2 2 2 2 2 2 2 2 2 2 2 2 2 2 2 2 2 2 2 2 2 2 2 2 2 2 2 2 2 2 2 2 2 2 2 2 2 2 2 2 2 2 2 2 2 2 2 2 2 2 2 2 2 2 2 2 2 2 2 2 2 2 2 2 2 
1 3 0.1
2.91549 2.2829 1.99848 1.84518 1.75135 1.68859 1.64386 1.61043 1.58449 1.56378 1.54685 1.53272 1.52075 1.51045 1.50148 1.49358 1.48657 1.48028 1.47461 1.46946 1.46474 1.4604 1.45639 1.45267 1.4492 1.44594 1.44288 1.44 1.43726 1.43467 1.4322 1.42984 1.42758 1.42542 1.42333 1.42132 1.41938 1.4175 1.41568 1.41391 1.41219 1.41051 1.40886 1.40726 1.40568 1.40413 1.40261 1.40111 1.39964 1.39818 1.39673 1.3953 1.39387 1.39246 1.39105 1.38964 1.38823 1.38682 1.38541 1.38399 1.38256 1.38111 1.37965 1.37817 1.37666 1.37513 1.37357 1.37197 1.37033 1.36864 1.3669 1.3651 1.36323 1.36129 1.35926 1.35713 1.3549 1.35254 1.35005 1.34739 1.34456 1.34152 1.33825 1.3347 1.33084 1.32661 1.32194 1.31677 1.31098 1.30445 1.29701 1.28846 1.27848 1.26668 1.25249 1.23506 1.21309 1.18447 1.14553 1.08921 1 
1.12151 1.43228 1.63611 1.77204 1.86698 1.93636 1.98905 2.03035 2.06357 2.0909 2.11378 2.13326 2.15005 2.16471 2.17764 2.18914 2.19946 2.20879 2.21728 2.22505 2.2322 2.23882 2.24497 2.25072 2.2561 2.26117 2.26595 2.27048 2.27478 2.27888 2.28279 2.28655 2.29015 2.29361 2.29695 2.30018 2.30331 2.30635 2.3093 2.31217 2.31497 2.31771 2.3204 2.32303 2.32561 2.32815 2.33065 2.33312 2.33557 2.33798 2.34038 2.34276 2.34513 2.34749 2.34985 2.35221 2.35457 2.35694 2.35932 2.36172 2.36414 2.36659 2.36907 2.37159 2.37416 2.37678 2.37947 2.38222 2.38505 2.38797 2.39098 2.39411 2.39737 2.40077 2.40433 2.40808 2.41203 2.41621 2.42065 2.4254 2.43049 2.43598 2.44192 2.44839 2.45548 2.46329 2.47197 2.48167 2.49261 2.50508 2.51942 2.53615 2.55593 2.57972 2.60894 2.64575 2.69366 2.75874 2.85252 3 
2 3 0.1
4.85267 2.99398 2.4515 2.23484 2.13075 2.07546 2.04442 2.02641 2.01578 2.00943 2.00562 2.00333 2.00196 2.00113 2.00064 2.00034 2.00017 2.00008 2.00002 1.99999 1.99998 1.99997 1.99997 1.99997 1.99997 1.99998 1.99998 1.99998 1.99999 1.99999 1.99999 1.99999 1.99999 1.99999 2 2 2 2 2 2 2 2 2 2 2 2 2 2 2 2 2 2 2 2 2 2 2 2 2 2 2 2 2 2 2 2 2 2 2 2 2 2 2 2 2 2 2 2 2 2 2 2 2 2 2 2 2 2 2 2 2 2 2 2 2 2 2 2 2 2 2 
1.23654 2.0042 2.4477 2.68498 2.81613 2.89112 2.93501 2.96106 2.97666 2.98605 2.9917 2.99511 2.99715 2.99838 2.99911 2.99953 2.99978 2.99992 3 3.00004 3.00006 3.00006 3.00006 3.00005 3.00005 3.00004 3.00004 3.00003 3.00003 3.00002 3.00002 3.00001 3.00001 3.00001 3.00001 3.00001 3.00001 3 3 3 3 3 3 3 3 3 3 3 3 3 3 3 3 3 3 3 3 3 3 3 3 3 3 3 3 3 3 3 3 3 3 3 3 3 3 3 3 3 3 3 3 3 3 3 3 3 3 3 3 3 3 3 3 3 3 3 3 3 3 3 
3 3 0.1
6.98997 3.86469 3.23898 3.07253 3.02268 3.00715 3.00226 3.00071 3.00022 3.00007 3.00002 3 3 3 3 3 3 3 3 3 3 3 3 3 3 3 3 3 3 3 3 3 3 3 3 3 3 3 3 3 3 3 3 3 3 3 3 3 3 3 3 3 3 3 3 3 3 3 3 3 3 3 3 3 3 3 3 3 3 3 3 3 3 3 3 3 3 3 3 3 3 3 3 3 3 3 3 3 3 3 3 3 3 3 3 3 3 3 3 3 3 
1.28758 2.3288 2.77868 2.92921 2.97751 2.99288 2.99775 2.9993 2.99978 2.99994 2.99998 3 3 3 3 3 3 3 3 3 3 3 3 3 3 3 3 3 3 3 3 3 3 3 3 3 3 3 3 3 3 3 3 3 3 3 3 3 3 3 3 3 3 3 3 3 3 3 3 3 3 3 3 3 3 3 3 3 3 3 3 3 3 3 3 3 3 3 3 3 3 3 3 3 3 3 3 3 3 3 3 3 3 3 3 3 3 3 3 3 
4 3 0.1
9.14713 4.79447 4.14915 4.02969 4.00598 4.00121 4.00024 4.00005 4.00001 4 4 4 4 4 4 4 4 4 4 4 4 4 4 4 4 4 4 4 4 4 4 4 4 4 4 4 4 4 4 4 4 4 4 4 4 4 4 4 4 4 4 4 4 4 4 4 4 4 4 4 4 4 4 4 4 4 4 4 4 4 4 4 4 4 4 4 4 4 4 4 4 4 4 4 4 4 4 4 4 4 4 4 4 4 4 4 4 4 4 4 4 
1.31189 2.50289 2.89217 2.9779 2.99552 2.9991 2.99982 2.99996 2.99999 3 3 3 3 3 3 3 3 3 3 3 3 3 3 3 3 3 3 3 3 3 3 3 3 3 3 3 3 3 3 3 3 3 3 3 3 3 3 3 3 3 3 3 3 3 3 3 3 3 3 3 3 3 3 3 3 3 3 3 3 3 3 3 3 3 3 3 3 3 3 3 3 3 3 3 3 3 3 3 3 3 3 3 3 3 3 3 3 3 3 3 
1 4 0.1
3.78924 2.60723 2.17705 1.97278 1.85687 1.78301 1.73207 1.69488 1.66654 1.64421 1.62614 1.61119 1.59861 1.58785 1.57853 1.57035 1.56312 1.55666 1.55084 1.54556 1.54074 1.53632 1.53224 1.52846 1.52493 1.52163 1.51854 1.51562 1.51286 1.51024 1.50775 1.50537 1.5031 1.50092 1.49883 1.49681 1.49486 1.49298 1.49115 1.48938 1.48765 1.48597 1.48433 1.48273 1.48115 1.47961 1.47809 1.4766 1.47513 1.47367 1.47223 1.47081 1.46939 1.46798 1.46658 1.46518 1.46377 1.46237 1.46096 1.45954 1.45811 1.45667 1.4552 1.45372 1.45221 1.45067 1.4491 1.44749 1.44583 1.44412 1.44236 1.44053 1.43864 1.43665 1.43458 1.43241 1.43011 1.42769 1.42511 1.42237 1.41942 1.41626 1.41284 1.40912 1.40506 1.4006 1.39565 1.39014 1.38395 1.37692 1.36887 1.35954 1.34858 1.33549 1.31958 1.29976 1.27435 1.24051 1.19307 1.12145 1 
1.18452 1.72152 2.06169 2.27517 2.41719 2.51731 2.59134 2.6482 2.69324 2.72981 2.76014 2.78573 2.80765 2.82667 2.84335 2.85814 2.87136 2.88327 2.89408 2.90395 2.91301 2.92138 2.92914 2.93638 2.94315 2.94952 2.95552 2.96119 2.96657 2.9717 2.97659 2.98127 2.98575 2.99007 2.99422 2.99824 3.00212 3.00589 3.00954 3.0131 3.01657 3.01996 3.02327 3.02652 3.0297 3.03284 3.03592 3.03897 3.04197 3.04495 3.0479 3.05083 3.05374 3.05665 3.05955 3.06245 3.06535 3.06827 3.0712 3.07416 3.07714 3.08017 3.08324 3.08636 3.08954 3.09279 3.09612 3.09954 3.10306 3.1067 3.11047 3.1144 3.11848 3.12276 3.12725 3.13198 3.13697 3.14228 3.14794 3.154 3.16051 3.16755 3.1752 3.18355 3.19274 3.2029 3.21423 3.22696 3.24139 3.25792 3.27706 3.29954 3.32635 3.35893 3.39944 3.45127 3.52009 3.6161 3.75989 4 
2 4 0.1
6.12736 3.25454 2.55512 2.29424 2.17021 2.10315 2.06416 2.04051 2.02578 2.01646 2.0105 2.00668 2.00421 2.00263 2.00161 2.00095 2.00054 2.00028 2.00012 2.00002 1.99996 1.99993 1.99992 1.99991 1.99991 1.99992 1.99992 1.99993 1.99994 1.99995 1.99995 1.99996 1.99996 1.99997 1.99997 1.99998 1.99998 1.99998 1.99999 1.99999 1.99999 1.99999 1.99999 1.99999 1.99999 2 2 2 2 2 2 2 2 2 2 2 2 2 2 2 2 2 2 2 2 2 2 2 2 2 2 2 2 2 2 2 2 2 2 2 2 2 2 2 2 2 2 2 2 2 2 2 2 2 2 2 2 2 2 2 2 
1.30576 2.45837 3.1313 3.48735 3.68664 3.80417 3.87599 3.9209 3.94939 3.96762 3.97935 3.98691 3.99179 3.99493 3.99695 3.99824 3.99905 3.99956 3.99987 4.00005 4.00015 4.0002 4.00022 4.00023 4.00022 4.0002 4.00018 4.00016 4.00015 4.00013 4.00011 4.0001 4.00009 4.00007 4.00006 4.00006 4.00005 4.00004 4.00003 4.00003 4.00003 4.00002 4.00002 4.00002 4.00001 4.00001 4.00001 4.00001 4.00001 4.00001 4 4 4 4 4 4 4 4 4 4 4 4 4 4 4 4 4 4 4 4 4 4 4 4 4 4 4 4 4 4 4 4 4 4 4 4 4 4 4 4 4 4 4 4 4 4 4 4 4 4 
3 4 0.1
8.79124 4.08513 3.2918 3.08964 3.02871 3.00931 3.00303 3.00098 3.00032 3.0001 3.00003 3.00001 3 3 3 3 3 3 3 3 3 3 3 3 3 3 3 3 3 3 3 3 3 3 3 3 3 3 3 3 3 3 3 3 3 3 3 3 3 3 3 3 3 3 3 3 3 3 3 3 3 3 3 3 3 3 3 3 3 3 3 3 3 3 3 3 3 3 3 3 3 3 3 3 3 3 3 3 3 3 3 3 3 3 3 3 3 3 3 3 3 
1.36501 2.93752 3.64546 3.88398 3.96211 3.98764 3.99598 3.9987 3.99959 3.99987 3.99997 3.99999 4 4 4 4 4 4 4 4 4 4 4 4 4 4 4 4 4 4 4 4 4 4 4 4 4 4 4 4 4 4 4 4 4 4 4 4 4 4 4 4 4 4 4 4 4 4 4 4 4 4 4 4 4 4 4 4 4 4 4 4 4 4 4 4 4 4 4 4 4 4 4 4 4 4 4 4 4 4 4 4 4 4 4 4 4 4 4 4 
4 4 0.1
11.4811 4.99055 4.17899 4.03535 4.00711 4.00143 4.00029 4.00006 4.00001 4 4 4 4 4 4 4 4 4 4 4 4 4 4 4 4 4 4 4 4 4 4 4 4 4 4 4 4 4 4 4 4 4 4 4 4 4 4 4 4 4 4 4 4 4 4 4 4 4 4 4 4 4 4 4 4 4 4 4 4 4 4 4 4 4 4 4 4 4 4 4 4 4 4 4 4 4 4 4 4 4 4 4 4 4 4 4 4 4 4 4 4 
1.3936 3.20607 3.82869 3.96496 3.99291 3.99857 3.99971 3.99994 3.99999 4 4 4 4 4 4 4 4 4 4 4 4 4 4 4 4 4 4 4 4 4 4 4 4 4 4 4 4 4 4 4 4 4 4 4 4 4 4 4 4 4 4 4 4 4 4 4 4 4 4 4 4 4 4 4 4 4 4 4 4 4 4 4 4 4 4 4 4 4 4 4 4 4 4 4 4 4 4 4 4 4 4 4 4 4 4 4 4 4 4 4 
